0 0.052734 0.65625 0.066406 0.330729
0 0.015137 0.625 0.012695 0.028646
0 0.084473 0.626953 0.006836 0.027344
0 0.135254 0.61849 0.010742 0.03125
0 0.182129 0.634115 0.03418 0.143229
0 0.209473 0.632161 0.026367 0.141927
0 0.235352 0.638672 0.027344 0.115885
0 0.261719 0.634115 0.027344 0.119792
0 0.36084 0.656901 0.014648 0.071615
0 0.369141 0.654297 0.009766 0.066406
0 0.379883 0.661458 0.009766 0.059896
1 0.484863 0.684245 0.182617 0.188802
1 0.67041 0.660807 0.172852 0.126302
1 0.756348 0.622396 0.124023 0.111979
1 0.905762 0.620443 0.18457 0.175781
