1 0.873535 0.623047 0.061523 0.016927
0 0.779785 0.620443 0.010742 0.022135
1 0.576172 0.640625 0.019531 0.039062
1 0.598145 0.639323 0.040039 0.0625
1 0.651855 0.63737 0.084961 0.110677
4 0.587402 0.571615 0.012695 0.036458
1 0.549805 0.632812 0.037109 0.03125
1 0.520996 0.630208 0.026367 0.028646
1 0.484375 0.630859 0.03125 0.032552
1 0.523438 0.610026 0.013672 0.011719
1 0.54248 0.604167 0.010742 0.013021
1 0.493652 0.610026 0.016602 0.016927
1 0.41748 0.621094 0.043945 0.03125
0 0.788574 0.615234 0.008789 0.02474
0 0.458496 0.606771 0.010742 0.015625
1 0.476074 0.604167 0.014648 0.015625
