3 0.681641 0.761719 0.056641 0.028646
1 0.62793 0.770833 0.070312 0.067708
0 0.66748 0.751953 0.012695 0.032552
1 0.526855 0.754557 0.043945 0.042969
1 0.333008 0.74349 0.035156 0.041667
1 0.308594 0.745443 0.017578 0.02474
1 0.493652 0.731771 0.010742 0.020833
4 0.70752 0.69987 0.008789 0.02474
4 0.64209 0.66276 0.012695 0.033854
4 0.401855 0.66276 0.010742 0.033854
4 0.150391 0.714844 0.011719 0.023438
0 0.605957 0.732422 0.008789 0.014323
0 0.624023 0.73112 0.007812 0.009115
4 0.731934 0.693359 0.010742 0.032552
4 0.73584 0.645182 0.012695 0.042969
4 0.774902 0.620443 0.014648 0.050781
